[Infinity,NaN,-2.2250738585072014e-308,-1000.0,-2.220446049250313e-16,-6.060829018834428e+307,-0.0,0.27363899386093893,-2.2250738585072014e-308,Infinity];
[8.438142474379621,4.0,-4.210490199184522,2.220446049250313e-16,2.220446049250313e-16,-6.489815698397274,1000000000000.0,-1000000000000.0];
[-1000000000.0,873133.6536650402,-8.23170987157842,-2.2250738585072014e-308];
[-611.7793847766717];
[1000000000000.0,2.2250738585072014e-308,1000000000.0,-1e-15,1.5992045997456772e+308,-1.7976931348623157e+308,-406.59703571479565,-1000.0];
[-1e-15,1e-15,1000000000000.0];
new Uint8ClampedArray(-536870912);
new Int32Array(1024);
new Uint8ClampedArray(1024);
for (const v19 in "1487412280") {
}
