[16,62331];
[128,-6,129,536870912,-9007199254740990];
[0,64,7,-7,1,7,1564657386];
[1000000.0,2.0,0.37741072662740993];
[52.611014677727326,-4.182749882562094,-584869.6736432563,0.5727759773279122,1.0,2.0,-7.917412533169674];
[1.0,0.0,26800.292680216487,-Infinity,0.6086068105911834,228.0038688230229,-Infinity,224773.12104077707,-1.0];
[0.9870531334736939,-1.7976931348623157e+308,-2.2250738585072014e-308];
[-2.220446049250313e-16,3.734647376459413e+307,333.21432019017516,7.93604537520021e+307,-1000000000.0];
[3.0,0.6986881516987321,1.756452983710446e+307];
class C13 {
}
const t11 = C13.constructor;
t11();
Set();
