new Uint8ClampedArray(257);
new Uint32Array(16);
new Int8Array(6);
[-1604132319,-54072,65536];
[4096,2005004918,-256,-1073741824,-536870912];
[2,13,1635728030];
[5.365040439240218,1.7976931348623157e+308,-0.5794424750275979,292.6633589622654,1000000000000.0,-1e-15,-1.3829332614090425e+308,1e-15];
[-200.35726146294076,-0.0,-2.220446049250313e-16,-693183.4154804377];
[-2.220446049250313e-16,4.0,1000000.0,-0.9291563749893115,1.6925369423562128e+308,0.2027498022410199,-0.603586206266197,5.59081201366298,-Infinity];
parseFloat.cbrt(11 % 11);
