const v0 = [5.466420324559768e+307,1.0,-2.220446049250313e-16,2.5668929742777795];
[4.0,0.25121297060707726,0.2882914241414194];
[-2.220446049250313e-16,-1000000000000.0,264435.3360719355,-0.0,0.28493225897510577,815.3351977590085];
function f6() {
    return v0;
}
[2.2250738585072014e-308,-17523.75894851249,1000000.0,-2.2250738585072014e-308,0.5331337212841515,1000000000000.0];
[-1.1726700759807306e+308,945600.6405859557,5.0,932584.7345736828,2.1967765757493414,1.7207670233888688e+308,4.845606932267589,-1.0,9.345287425087687,1000000000.0];
[0.6940070659878561,1.099776530851473e+308,1e-15,-2.0,1000000000000.0,-1.0,NaN,1000000.0,-1.7976931348623157e+308,2.0];
new FinalizationRegistry();
const t10 = [8.360030709333259,416819.70671931445,1000.0,-1.0513464134302462e+307,2.2250738585072014e-308,-999.1393293497049];
t10.length = 1;
