[127,1024,-128,1,27907,-65535,9007199254740992,2];
[-492691544,-9007199254740990,268435439];
const v2 = [-301337672,10000];
[-15014,-62387,1760499250,1];
[-1024,4,5,-11701,63674,1,-836364316];
[65536,-55586,26758,-1703024862,-4294967297];
const v6 = [1000000.0,-2.7426073859637417e+307,750989.371079542,-0.0,3.0,-283.3377701950661,2.5871647804900615,2.7305935764778795,0.9844297416212435];
[0.8545415597656024,57974.0522414993,-1.2279738456552052e+308,0.5524967436989865,-228.63832264327266,-2.220446049250313e-16];
[-358.44357897326586,660763.4870391416,150753.314505297,-1.7976931348623157e+308,-1.5400198253103258e+308];
new Int8Array(v2);
const v17 = [v6];
v17.construct(Uint16Array, v17);
