new Map();
[1000.0,NaN];
[-2.220446049250313e-16,-1.7976931348623157e+308,-714582.1527824705,-6.817908665396959e+307];
[-2.0,680.6642262061275,-8.47447738693802,-4.0,753.1562938251709];
[1997245273,-7,-1073741824,-2,256];
[-59996,1073741824,-1268948719,-2849];
[7,-9007199254740990,-256,-1261993988,4,1073741823,-6,-9007199254740991,-128];
const t1 = [10];
t1[536870912] = Int16Array;
new Int8Array(-45057);
const v20 = [-2.220446049250313e-16,-1000000000.0,-1e-15,1000000000.0,-1.0,1000000000.0,-1000.0];
v20.fill([1000000000000.0,1e-15], v20);
