[54430,-4,1022907151,-65537,9007199254740991,-9223372036854775807];
[-1024,-27875,747774712,2010281590,-9223372036854775807,-65535,25504];
[512,2147483649,-266379200,-2,-7,13,2050195047,5,536870912];
[-1000000.0,31.15710612813791,1e-15];
[-158.15211877789443,-428.4509514148642,-0.0];
[-175.9755228581348,-2.0,1.2074880536726273e+308,7.241167977525187,6.96304766611183,-1.0];
[-9007199254740991,-9007199254740990,-9223372036854775808,9223372036854775807,65537,-10010,-1073741824];
const v7 = [8,0];
[9007199254740990,0,-1,-9007199254740992,27101,-4096,-499977809,-22384316,-9,268435456];
[4,-1073741824,9,14,16,27573,-256,4294967295];
const v10 = [1202098247];
[6,256,58403,6,17564,536870887];
const v12 = [-536870912,12,65535,268435440,59916,438058862,-15,1073741823,-9007199254740990];
function f13() {
    try {
        v12.some(v10);
    } catch(e15) {
    }
    return v7;
}
v12[Symbol.toPrimitive] = f13;
v12.push(v12);
new Int8Array(v12);
