[9,-9007199254740990,-545680747,4294967296,-1649529933,-5,1073741824,-760841437,-1073741824,1682964837];
[4294967295,8,536870889,-50157,-2,-1,65537];
[-61718,-51945,0,12,10];
[-9.146765734205815e+307];
[-1.9755903155362264e+307,2.0,2.0,0.026595961217622976,-2.0,5.0,-5.932364262251346e+307,-5.123448229024685,NaN,-1.0];
[1000000000000.0,2.0,-351606.2965538498,0.34222164809389366,1000000000.0,-2.220446049250313e-16,-7.351640597833888e+307,1.5178596819092736e+308];
const v9 = [-9,1073741824,-8];
[4,-2,-4294967295,172680570,4294967297,1073741825,4294967296,2147483648,1073741824];
[-12,15,-256,12,21748,9,7];
new v9(Int32Array);
