[14893,16,-5030,-4,-59370,-57438,1,1,64,-4294967295];
[5,-1333017159,4294967297,4294967296,-61995,65536,-5];
[-13,1462658627];
[1.7976931348623157e+308,3.0,-0.0,2.0,-1.478410243459891e+307,299806.9634843769,-1000000000.0,-2.0];
[4.090765763958739e+307,1.7976931348623157e+308,-305.02354581862164,1.0,-1000.0,2.2250738585072014e-308,0.8319235021547814];
[-631684.7540272983,0.6701877619401195,-3.0,-1.7976931348623157e+308,733762.494373715];
new WeakMap();
[2.2250738585072014e-308];
[-1.7976931348623157e+308,NaN,-8.207221770337647,-2.2250738585072014e-308,1000000000000.0,0.7644676579273841,-1.7976931348623157e+308,-0.0,-1000.0,3.538025831691641];
[3.0,0.7231175694122286,-2.2250738585072014e-308,7.612322933541289,2.170249012257756,-3.0,-218688.21396373468,1.3355015946287665,3.0];
const v13 = new Int8Array(Int8Array);
const v14 = new Int8Array();
v14.find(v13);
[] != -2147483647n;
const t12 = "9007199254740992";
t12["255"] &= 7;
