const t0 = -1000.0;
new t0();
[-1000000000.0,2.2250738585072014e-308,-4.596195445051691,-652.8840935493789,5.144706760397487e+307,404857.78265117155,6.933661013412461,-1000.0];
[-543.6427047366068,907376.6572746714,2.220446049250313e-16];
[927.4828367338766,-1.1775991446002674e+308,-4.0,3.3390931695215017e+307];
[3.965395492910659,NaN,-1000000.0,-117737.41746338166,1.7976931348623157e+308,3.109531305563822,-1.550764564514627e+308,1000.0];
[-0.0,-779.5849417858784,1000000.0,-1e-15,88.78710783320321];
[4.0,484944.6476899313,1000000000000.0,-5.0,2.2250738585072014e-308,-2.0,-149485.82873460546,1.1102364989888457e+308,-1.3969242906145468e+308,455.06220444991163];
new Float32Array(11);
Date.lastIndexOf();
