[-36123,-11,-4294967295,0,13];
[-389717748,9007199254740991,11869,-1973955770,5592,-9007199254740991,-10];
[48951,-1073741824,1073741824,9007199254740991,-9007199254740992,4294967296,-46414,-128];
[-4294967295,-1709917658,41586,-298406894,-4294967296,-4096,55515,6,4294967295];
[2,4294967296,2030319939,0,1617573229,-9007199254740992,-43846,1073741825,-630614999,-1858687388];
[41805,7,-128,536870888,8];
[4294967297,1143714105,10000,-887426932,-10,807099611,-1,-4294967295,-4096,5];
[-10,-195295035,-256,9007199254740990,13471,-46126,9007199254740990,2147483649,1048756960,7];
[268435440,5,9,46008,8,-1];
class C12 {
    static {
        const v14 = this.m();
        try { v14(this); } catch (e) {}
    }
}
