[0.7795310367730047,-1000.0,4.0,1000.0];
[-9.523660999403308,1.2141270454284812e+308,-7.526239240529398,-1.7032213526684426e+308,NaN,5.0,-472711.4732585907,-0.15215473282181868,1000.0];
[4.0,343194.6670961268,0.0,NaN,1000.0];
[0,255,-1690679910,129,-65535,1,268435441,7,1285663350];
[4294967296,-128,11,536870888,-2,-1073741824,-1111648709,6];
const v8 = [-843293931,-4096,771221081,-36685,-256,7,-1,-9223372036854775807,2147483648,10];
[9007199254740991,-2,255,255,4294967296,4572,-58432,-1641046776,-4096,-2];
[9,1331334062,14,13,13];
[-1697840884,-9007199254740990,268435456,712889567,10,-1024,1086182290];
const v14 = new Float32Array(v8);
const t10 = "1";
t10();
v14 instanceof Float32Array;
