[];
[1073741824,1638,268435439,-384433977,57120,-268435456,-16,4294967297];
[4096,19106,-1986142966,25207,128];
[4294967295];
[4.0,-6.3044030808529765,-5.0,-179538.44501753396,1000000.0,0.6436846398387599,-471663.2911600531,8.282212002223183,-2.0,-1000000000.0];
[0.3820021457040089,341.3687272104132,-7.2572087755192065,1.0,-2.0,0.4067837717213766,-21.881872772172073,0.7804043638813937];
[-248.77353076964698];
const v10 = [-35119,-1602776049,-9223372036854775807,8,-9,-37255,9223372036854775807,-5,-65535,-12];
[512,-128,127,4,-4,-1073741824,38510];
[-2147483647,-979648330,129,-41612,-65536,-1024,24260];
const o15 = {
    "maxByteLength": 3508,
};
const v17 = new ArrayBuffer(7, o15);
new Float64Array(v17);
v10[985866125] -= 1736835128;
