[2,-4294967296,1073741823];
const v4 = [6,64,55712,-9007199254740990,5,5,-6,64,-268435456,1073741824];
[8];
[1.0,1.3130040714457895e+308,1000.0,4.0,1000000000.0,-1000000000000.0,-2.2250738585072014e-308,2.2250738585072014e-308,0.8045635159313527,26.986399643414643];
[0.7640395012129899,1.0,1.5399687110991898e+308,1000000000000.0];
[0.45373721638712283];
[2.42768277920037e+307,0.13307235379859794,7.710145156980698,-507.2527295097273,1.4164267359367768e+308,-5.643750977567701e+307,0.3660350718465616,3.401786702050081e+307,-2.2922141956553353e+307,-327.96664114934583];
[4.0,5.065223458046011,2.220446049250313e-16];
[-315.7751722714213,Infinity];
("f")[10];
let v16 = 10;
for (; v16--;) {
    v4["with"](536870889, "boolean");
}
